concept polysemousVariant cluster var.1BE-Du var.2BE-Du var.3BE-Du var.1NL-Du var.2NL-Du var.3NL-Du variants freq.BEDu freq.NLDu entropy.variant entropy.lect weight.cramersV weight.llr filter.llr weight.fisher filter.fisher weight.power filter.power distance_cityblock external_uniformity internal_uniformity iu.BEDu iu.NLDu tot.freq min.lect.freq
allegation no 1 2 42 4 3 41 1 verdachtmaking/aantijging/insinuatie 48 45 0.415845196685959 0.692626798924835 0.1435820202 0.6401363621 0 0.4066748514 0 0.217661338037943 0 0.0611111111 0.9388888889 0.802289282 0.7743055556 0.8350617284 93 45
allegation no 2 1 34 5 1 36 1 verdachtmaking/aantijging/insinuatie 40 38 0.388356030280062 0.692818413431129 0.18516402 0.7674028545 0 0.7495909454 0 0.290272047016921 0 0.0986842105 0.9013157895 0.811965812 0.73875 0.8988919668 78 38
allegation no 3 1 30 0 1 5 0 verdachtmaking/aantijging/insinuatie 31 6 0.210283412286133 0.443237908471039 0.2668802563 0.6803761547 0 0.8276616698 0 0.286525795329159 0 0.1344086022 0.8655913978 0.8977355734 0.9375650364 0.7222222222 37 6
allegation no 4 16 52 4 22 58 6 verdachtmaking/aantijging/insinuatie 72 86 0.769512974566784 0.689216374501918 0.0526253968 0.1972225102 0 0.1755498436 0 0.0844270874576241 0 0.0478036175 0.9521963825 0.5465470277 0.5740740741 0.525148729 158 72
allegation no 5 76 137 62 96 242 21 verdachtmaking/aantijging/insinuatie 275 359 0.927665607141846 0.684344239412621 0.255115822 0.9999999992 1 0.9999999991 1 0.999979224963064 1 0.1759128893 0.8240871107 0.4480938212 0.3753917355 0.5293332609 634 275
amusement_park no 1 262 29 NA 249 75 NA pret_park/attractie_park 291 324 0.454465334302785 0.691706869654292 0.1712419823 0.9999905863 1 0.9999863946 1 0.988893303429195 1 0.1318251241 0.8681748759 0.7189820874 0.8205500644 0.6442043896 615 291
amusement_park no 2 17 0 NA 17 8 NA pret_park/attractie_park 17 25 0.486912709464602 0.674895273743828 0.3073291847 0.99251161 1 0.9862697008 1 0.512705790798543 0 0.32 0.68 0.6916099773 1 0.5648 42 17
amusement_park no 3 25 1 NA 17 1 NA pret_park/attractie_park 26 18 0.184907399167776 0.6765259604935 0 0.2093793988 0 0 0 0.05 0 0.0170940171 0.9829059829 0.9132231405 0.926035503 0.8950617284 44 18
amusement_park no 4 9 4 NA 12 13 NA pret_park/attractie_park 13 25 0.687596737590924 0.642422021076254 0.1467892379 0.7929191045 0 0.6931926365 0 0.147777229689333 0 0.2123076923 0.7876923077 0.5055401662 0.573964497 0.5008 38 13
amusement_park no 5 146 7 NA 83 25 NA pret_park/attractie_park 153 108 0.372084055968241 0.678209393903313 0.2670394172 0.9999940392 1 0.9999889245 1 0.990718435929945 1 0.1857298475 0.8142701525 0.7848534226 0.9126831561 0.6442043896 261 108
apartment_building yes 1 41 81 47 1 55 19 appartement_gebouw/flat/flat_gebouw 169 75 0.982330514630298 0.616985883747207 0.3002459829 0.9999994621 1 0.9999987716 1 0.991566851287931 1 0.2540433926 0.7459566074 0.4134641225 0.3659185603 0.6021333333 244 75
apartment_building yes 2 14 63 13 0 71 27 appartement_gebouw/flat/flat_gebouw 90 98 0.764034973614028 0.692241520066971 0.3071381091 0.9999777603 1 0.9999799746 1 0.972580038937686 1 0.1555555556 0.8444444444 0.5588501584 0.5350617284 0.6007913369 188 90
apartment_building yes 3 5 10 1 1 19 5 appartement_gebouw/flat/flat_gebouw 16 25 0.807408830110542 0.668857062374027 0.3970074842 0.9643860376 1 0.955846906 1 0.618190789441738 0 0.2725 0.7275 0.5431290898 0.4921875 0.6192 41 16
apartment_building yes 4 19 39 15 5 59 23 appartement_gebouw/flat/flat_gebouw 73 87 0.926246447060893 0.689314155691443 0.2829040513 0.9986983851 1 0.9983453783 1 0.9035819040915 1 0.2028027082 0.7971972918 0.4540625 0.3953837493 0.5330955212 160 73
apartment_building yes 5 41 102 23 3 177 21 appartement_gebouw/flat/flat_gebouw 166 201 0.717032761098254 0.688592748907267 0.3698036029 1 1 1 1 0.999998995477447 1 0.2661391837 0.7338608163 0.6066790903 0.4577587458 0.7865894409 367 166
appreciation no 1 18 4 28 33 1 22 waardering/appreciatie/erkenning 50 56 0.850500913899629 0.691544330408523 0.2497797349 0.9664101316 1 0.9655555521 1 0.628929178285264 0 0.2292857142 0.7707142858 0.4562121752 0.4496 0.5019132653 106 50
appreciation no 2 36 0 0 48 0 0 waardering/appreciatie/erkenning 36 48 0 0.682908104700472 0.0213618348 0.0194726515 0 0 0 0.0528843852907794 0 0 1 1 1 1 84 36
appreciation no 3 18 0 0 54 0 0 waardering/appreciatie/erkenning 18 54 0 0.562335144618808 0.0905653929 0.2367212685 0 0 0 0.0971643354766549 0 0 1 1 1 1 72 18
appreciation no 4 84 30 105 134 3 109 waardering/appreciatie/erkenning 219 246 0.900051297133396 0.691460488019238 0.263043799 0.9999999825 1 0.999999973 1 0.999605420688744 1 0.1611538033 0.8388461967 0.4366238872 0.3957590542 0.4931918831 465 219
appreciation no 5 8 0 148 16 0 101 waardering/appreciatie/erkenning 156 117 0.297680355082165 0.682908104700472 0.1475037758 0.9493347083 0 0.9823958382 1 0.579445835743754 0 0.0854700855 0.9145299145 0.8396328946 0.902695595 0.7638980203 273 117
cash no 1 130 6 NA 40 32 NA cash/contanten 136 72 0.475451501008303 0.645033151676034 0.4797957588 1 1 1 1 0.999999647078134 1 0.4003267973 0.5996732027 0.7013683432 0.9156574394 0.5061728395 208 72
cash no 2 92 2 NA 15 25 NA cash/contanten 94 40 0.502464571073741 0.609594369369286 0.6684159486 1 1 1 1 0.99999999620929 1 0.6037234043 0.3962765957 0.6782134106 0.9583521956 0.53125 134 40
cash no 3 139 44 NA 27 169 NA cash/contanten 183 196 0.685438041063182 0.692558793000206 0.6209549013 1 1 1 1 1 1 0.6218077395 0.3781922605 0.5076893088 0.6347457374 0.7624427322 379 183
cash no 4 14 0 NA 9 0 NA cash/contanten 14 9 0 0.669327963292645 0 0.1634442725 0 0 0 0.05 0 0 1 1 1 1 23 9
cash no 5 122 13 NA 23 98 NA cash/contanten 135 121 0.684301487461389 0.691651072970212 0.7110277968 1 1 1 1 1 1 0.7136210591 0.2863789409 0.5088195801 0.8259533608 0.6920975343 256 121
chat yes 1 52 1 0 72 3 0 praatje/babbel_DIM/babbel 53 75 0.139060798454741 0.67830307693926 0.0489746151 0.1497294702 0 0 0 0.0738268920195009 0 0.0211320755 0.9788679245 0.939453125 0.9629761481 0.9232 128 53
chat yes 2 55 45 9 3 0 0 praatje/babbel_DIM/babbel 109 3 0.909744158372035 0.123384978179193 0.1197207967 0.6211181373 0 0.8033342435 0 0.18817947338842 0 0.495412844 0.504587156 0.436065051 0.4318660045 1 112 3
chat yes 3 3 34 58 2 14 21 praatje/babbel_DIM/babbel 95 37 0.799080570839068 0.593239290238737 0.0595401045 0.1992651124 0 0.2701615209 0 0.0869296298981496 0 0.0429587482 0.9570412518 0.4918503214 0.5018282548 0.4682249817 132 37
chat yes 4 3 0 0 22 0 0 praatje/babbel_DIM/babbel 3 22 0 0.36692499127271 0.2562192415 0.4963272864 0 0 0 0.191548883118807 0 0 1 1 1 1 25 3
chat yes 5 103 15 133 334 7 11 praatje/babbel_DIM/babbel 251 352 0.696134683676439 0.67905341309102 0.6006690736 1 1 1 1 1 1 0.5385050707 0.4614949293 0.5835636632 0.4527388454 0.9017142304 603 251
commuter no 1 71 1 NA 5 44 NA pendelaar/forens 72 49 0.65995958773372 0.674971081327512 0.8805036155 1 1 1 1 0.999999999999994 1 0.8840702948 0.1159297052 0.5328187965 0.9726080247 0.8167430237 121 49
commuter no 2 223 13 NA 5 115 NA pendelaar/forens 236 120 0.653159165730335 0.639078722088296 0.8835861074 1 1 1 1 1 1 0.9032485875 0.0967514125 0.5394520894 0.8958991669 0.9201388889 356 120
commuter no 3 42 4 NA 0 28 NA pendelaar/forens 46 28 0.683988432967782 0.663264680725736 0.8420110083 1 1 1 1 0.999999936557364 1 0.9130434783 0.0869565217 0.5091307524 0.8412098299 1 74 28
commuter no 4 68 0 NA 1 13 NA pendelaar/forens 68 14 0.437235217212901 0.45704453303756 0.875760539 1 1 1 1 0.999999998816528 1 0.9285714286 0.0714285714 0.7331945271 1 0.8673469388 82 14
commuter no 5 284 6 NA 3 74 NA pendelaar/forens 290 77 0.524344064139252 0.513703850378591 0.9192543199 1 1 1 1 1 1 0.9403493058 0.0596506942 0.659066442 0.9594768133 0.9251138472 367 77
convict no 1 9 11 NA 13 11 NA gedetineerde/gevangene 20 24 0.693147180559945 0.689009238476659 0.0456435465 0.4554626617 0 0.2374456024 0 0.0605658288758281 0 0.0916666667 0.9083333333 0.5 0.505 0.5034722222 44 20
convict no 2 59 54 NA 34 46 NA gedetineerde/gevangene 113 80 0.69248930050042 0.678457265130766 0.0852321204 0.8171345045 0 0.8080852863 0 0.219742615736246 0 0.0971238938 0.9028761062 0.5006577358 0.5009789334 0.51125 193 80
convict no 3 58 83 NA 61 119 NA gedetineerde/gevangene 141 180 0.65933591890785 0.685748357698366 0.0679557752 0.8173387032 0 0.7989288277 0 0.229654326694615 0 0.0724586288 0.9275413712 0.5334284411 0.5157185252 0.5519135802 321 141
convict no 4 0 14 NA 0 27 NA gedetineerde/gevangene 14 27 0 0.642001383857222 0 0.2460602741 0 0 0 0.05 0 0 1 1 1 1 41 14
convict no 5 20 114 NA 40 227 NA gedetineerde/gevangene 134 267 0.422059685443713 0.637088796418068 0 0.0118124389000001 0 0 0 0.05 0 0.000559002799999986 0.9994409972 0.7455239706 0.74604589 0.7452622424 401 134
database no 1 10 3 NA 0 8 NA data_bank/database 13 8 0.692012964831874 0.664528438654915 0.5893066666 0.9995306922 1 0.9983112862 1 0.770527029683074 0 0.7692307692 0.2307692308 0.5011337868 0.6449704142 1 21 8
database no 2 176 52 NA 148 121 NA data_bank/database 228 269 0.646255327978257 0.689740600514119 0.2277146333 0.9999998291 1 0.9999997163 1 0.999085225424129 1 0.221743951 0.778256049 0.5461541887 0.647891659 0.5050372438 497 228
database no 3 77 27 NA 74 72 NA data_bank/database 104 146 0.671356435772735 0.678968036741767 0.2270669391 0.9998351534 1 0.9997716726 1 0.948478801486343 1 0.2335353003 0.7664646997 0.521632 0.6155695266 0.5000938262 250 104
database no 4 43 10 NA 27 27 NA data_bank/database 53 54 0.644804257720865 0.693103507987763 0.3076097657 0.9994052011 1 0.9989642053 1 0.889141817341418 1 0.3113207547 0.6886792453 0.5475587388 0.6938412246 0.5 107 53
database no 5 28 11 NA 62 24 NA data_bank/database 39 86 0.592953317447474 0.620691563887438 0 0.0274281577 0 0 0 0.05 0 0.00298151469999997 0.9970184853 0.5968 0.5950032873 0.5976203353 125 39
demolition yes 1 195 52 NA 27 131 NA afbraak/sloop 247 158 0.688503499833388 0.668803278550067 0.6011984906 1 1 1 1 1 1 0.6185876083 0.3814123917 0.5046364883 0.6675900277 0.71663195 405 158
demolition yes 2 53 22 NA 4 53 NA afbraak/sloop 75 57 0.683820628784911 0.683820628784911 0.6210526316 1 1 1 1 0.999999886280787 1 0.6364912281 0.3635087719 0.5092975207 0.5854222222 0.8694983072 132 57
demolition yes 3 0 13 NA 0 22 NA afbraak/sloop 13 22 0 0.659711615178473 0 0.1977817233 0 0 0 0.05 0 0 1 1 1 1 35 13
demolition yes 4 16 1 NA 3 8 NA afbraak/sloop 17 11 0.627941588739906 0.670008979827427 0.6207319794 0.9998717518 1 0.9995859213 1 0.907354938506088 1 0.6684491979 0.3315508021 0.5637755102 0.8892733564 0.6033057851 28 11
demolition yes 5 182 50 NA 68 100 NA afbraak/sloop 232 168 0.661563238157982 0.680292000192154 0.3818902658 1 1 1 1 0.999999993179743 1 0.3797208538 0.6202791462 0.53125 0.6618608799 0.5181405896 400 168
dip yes 1 42 29 NA 145 55 NA dip/inzinking 71 200 0.619071136545214 0.575130833501322 0.1178106773 0.9604225657 1 0.9484754503 0 0.491848352998713 0 0.1334507042 0.8665492958 0.572228047 0.5167625471 0.60125 271 71
dip yes 2 30 0 NA 42 0 NA dip/inzinking 30 42 0 0.679193265991526 0 0.1305626481 0 0 0 0.05 0 0 1 1 1 1 72 30
dip yes 3 5 8 NA 20 7 NA dip/inzinking 13 27 0.661563238157982 0.630581028386015 0.2894143807 0.9698138883 1 0.9588026014 1 0.448537736392962 0 0.3561253561 0.6438746439 0.53125 0.5266272189 0.6159122085 40 13
dip yes 4 4 18 NA 16 11 NA dip/inzinking 22 27 0.67618306258639 0.687931943906548 0.3739618549 0.9971563321 1 0.9922444175 1 0.744659062028156 0 0.4107744108 0.5892255892 0.5168679717 0.7024793388 0.5171467764 49 22
dip yes 5 59 208 NA 172 129 NA dip/inzinking 267 301 0.675631209813968 0.691354549914324 0.3524914016 1 1 1 1 0.999999999940607 1 0.3504547886 0.6495452114 0.5174134596 0.6557112598 0.5102040816 568 267
display_window yes 1 24 4 2 51 1 0 etalage/vitrine/uit_stal_raam 30 52 0.342754705331159 0.656711993409389 0.2913382106 0.9708501859 1 0.9599624808 1 0.652760387482808 0 0.1807692308 0.8192307692 0.8408685306 0.6622222222 0.9622781065 82 30
display_window yes 2 82 25 23 9 9 0 etalage/vitrine/uit_stal_raam 130 18 0.926260652842809 0.370143556187381 0.2488659428 0.9903557108 1 0.9955385269 1 0.778682021279631 0 0.3076923077 0.6923076923 0.4549853908 0.4661538462 0.5 148 18
display_window yes 3 21 13 11 30 5 0 etalage/vitrine/uit_stal_raam 45 35 0.895443548275711 0.685314207276458 0.4108170755 0.999713018 1 0.9998021969 1 0.918600403544539 1 0.3904761904 0.6095238096 0.4759375 0.3609876543 0.7551020408 80 35
display_window yes 4 83 25 22 90 35 1 etalage/vitrine/uit_stal_raam 130 126 0.821363043902171 0.693025105279906 0.2868638334 0.9999971738 1 0.9999944098 1 0.989025797623758 1 0.1612942613 0.8387057387 0.5196838379 0.4732544379 0.5874275636 256 126
display_window yes 5 99 69 11 100 155 0 etalage/vitrine/uit_stal_raam 179 255 0.792046322726015 0.677735171748115 0.2649194883 0.999999929 1 0.9999999864 1 0.999325695986985 1 0.222368277 0.777631723 0.4772770711 0.4582566087 0.5232602845 434 179
draw no 1 10 73 9 2 37 0 punt_deling/gelijkspel/draw 92 39 0.549649680219108 0.608911420242618 0.1818010379 0.9369918941 0 0.9598795295 1 0.445284169006435 0 0.1552396878 0.8447603122 0.7181982402 0.6509924386 0.902695595 131 39
draw no 2 44 203 27 11 30 1 punt_deling/gelijkspel/draw 274 42 0.743726355506216 0.391883906250733 0.1190444564 0.9198476189 0 0.8958006478 0 0.458495764026267 0 0.1013208203 0.8986791797 0.5818178177 0.5843944803 0.5793650794 316 42
draw no 3 16 241 14 6 132 1 punt_deling/gelijkspel/draw 271 139 0.364029263314062 0.640386239787219 0.1185751332 0.9729647723 1 0.9546217087 1 0.565903956250801 0 0.0603413948 0.9396586052 0.8318738846 0.7970071214 0.9037316909 410 139
draw no 4 7 20 1 0 4 0 punt_deling/gelijkspel/draw 28 4 0.656527684932918 0.376770161256437 0.1483083865 0.3570666064 0 0.3491461101 0 0.106800980625396 0 0.2857142857 0.7142857143 0.611328125 0.5739795918 1 32 4
draw no 5 22 72 6 1 10 0 punt_deling/gelijkspel/draw 100 11 0.707567119714068 0.323098970685386 0.0884976498 0.3889107219 0 0.1342880293 0 0.121158161004836 0 0.1890909091 0.8109090909 0.5915915916 0.5704 0.8347107438 111 11
ecstasy yes 1 15 0 0 21 0 0 vervoering/trance/extase 15 21 0 0.679193265991526 0.0361994656 0.0249483199 0 0 0 0.0535536315888698 0 0 1 1 1 1 36 15
ecstasy yes 2 72 8 25 104 8 69 vervoering/trance/extase 105 181 0.825794914959952 0.657412092548334 0.1529497297 0.9671718677 1 0.9666356784 1 0.634336206336244 0 0.1431202315 0.8568797685 0.4898528045 0.5326984127 0.477427429 286 105
ecstasy yes 3 7 10 7 39 22 30 vervoering/trance/extase 24 91 1.08732329448563 0.512223371655563 0.1632043727 0.769389349 0 0.7640524941 0 0.32755625755572 0 0.1749084248 0.8250915752 0.3409451796 0.34375 0.3508030431 115 24
ecstasy yes 4 0 26 2 0 34 2 vervoering/trance/extase 28 36 0.233791658706459 0.685314207276458 0.0377176006 0.0462474756 0 0 0 0.0568949488821775 0 0.0158730158 0.9841269842 0.8828125 0.8673469388 0.8950617284 64 28
ecstasy yes 5 41 78 69 53 117 141 vervoering/trance/extase 188 311 1.04587823021248 0.662452418998468 0.0888388337 0.8611846357 0 0.8553904659 0 0.409765500382074 0 0.0863549292 0.9136450708 0.3653037538 0.3544024445 0.3761230757 499 188
electoral_district no 1 127 5 NA 1 0 NA kies_kring/kies_district 132 1 0.160220832403096 0.0442600020458068 0 0.6901158617 0 0 0 0.05 0 0.0378787879 0.9621212121 0.9276386455 0.9271120294 1 133 1
electoral_district no 2 6 16 NA 0 112 NA kies_kring/kies_district 22 112 0.182836586539872 0.446535265929019 0.4275572599 0.9999961958 1 0.9999896053 1 0.998602229090121 1 0.2727272727 0.7272727273 0.9144575629 0.6033057851 1 134 22
electoral_district no 3 139 1 NA 0 1 NA kies_kring/kies_district 140 1 0.0744466204045084 0.0421645771490718 0.398080925 0.9986396598 1 0.9994172494 1 0.997171132940622 1 0.9928571429 0.0071428571 0.9720335999 0.9858163265 1 141 1
electoral_district no 4 16 10 NA 5 65 NA kies_kring/kies_district 26 70 0.525321319515595 0.584085931759361 0.5563843809 0.9999999608 1 0.9999999141 1 0.999759812414668 1 0.543956044 0.456043956 0.658203125 0.5266272189 0.8673469388 96 26
electoral_district no 5 302 53 NA 26 115 NA kies_kring/kies_district 355 141 0.640175902350438 0.596944959371915 0.6303259365 1 1 1 1 1 1 0.6663070623 0.3336929377 0.5520291363 0.7459869074 0.6992103013 496 141
filmmaker no 1 26 17 2 42 6 5 filmmaker/cineast/filmer 45 53 0.782270928040644 0.689811525018257 0.3149833435 0.9931160939 1 0.9926330346 1 0.803823688390345 1 0.2645702306 0.7354297694 0.5416493128 0.4785185185 0.6496974012 98 45
filmmaker no 2 21 29 1 45 19 6 filmmaker/cineast/filmer 51 70 0.862267962615666 0.68076761822157 0.3107804162 0.9975160593 1 0.9975414816 1 0.874248251722641 1 0.2971988796 0.7028011204 0.4582337272 0.4932718185 0.4942857143 121 51
filmmaker no 3 72 81 5 130 45 29 filmmaker/cineast/filmer 158 204 0.915020308544337 0.685051687067536 0.3267929441 0.9999999981 1 0.9999999978 1 0.999950916320736 1 0.2920699926 0.7079300074 0.4413479442 0.4714789297 0.4749615532 362 158
filmmaker no 4 59 40 3 125 19 37 filmmaker/cineast/filmer 102 181 0.883333587554728 0.653661775331895 0.3815837305 0.9999999997 1 0.9999999995 1 0.999978829217309 1 0.2871844871 0.7128155129 0.4861716341 0.4892349097 0.5297457343 283 102
filmmaker no 5 14 16 3 56 7 40 filmmaker/cineast/filmer 33 103 1.00645901158422 0.554111979000417 0.4953458727 0.9999997772 1 0.9999998075 1 0.999729519604723 1 0.4168873199 0.5831126801 0.3934904844 0.4233241506 0.4510321425 136 33
individuality no 1 95 2 2 99 6 0 identiteit/persoonlijkheid/eigenheid 99 105 0.220147888193019 0.692714592227234 0.1208222261 0.7986201071 0 0.857498782 0 0.319418250879466 0 0.0369408369000001 0.9630591631 0.9059976932 0.9216406489 0.892244898 204 99
individuality no 2 0 13 0 0 12 0 identiteit/persoonlijkheid/eigenheid 13 12 0 0.692346967089961 0.0099116839 0.00137362809999997 0 0 0 0.050183996934943 0 0 1 1 1 1 25 12
individuality no 3 39 81 5 53 121 3 identiteit/persoonlijkheid/eigenheid 125 177 0.727280804470917 0.678249137148527 0.0738352504 0.5549295581 0 0.5673055546 0 0.192036425424139 0 0.0356158193 0.9643841807 0.5408973291 0.518848 0.5572791982 302 125
individuality no 4 87 28 35 155 26 8 identiteit/persoonlijkheid/eigenheid 150 189 0.795145614108438 0.686514915755935 0.3075872592 0.9999999394 1 0.9999999332 1 0.999592624042544 1 0.2401058201 0.7598941799 0.5510655146 0.4256888889 0.6932896615 339 150
individuality no 5 39 13 13 53 9 3 identiteit/persoonlijkheid/eigenheid 65 65 0.803158276469189 0.693147180559945 0.2646871522 0.9918043178 1 0.9896909252 1 0.775890944328495 0 0.2153846153 0.7846153847 0.5446153846 0.44 0.6861538462 130 65
keyboard yes 1 43 5 NA 54 0 NA toetsenbord/klavier 48 54 0.195618357627422 0.691416077617118 0.1795313892 0.9836672111 1 0.9895275518 1 0.441731135893391 0 0.1041666667 0.8958333333 0.9067666282 0.8133680556 1 102 48
keyboard yes 2 142 54 NA 260 8 NA toetsenbord/klavier 196 268 0.393211984343406 0.681059155704508 0.3502199327 1 1 1 1 0.999999988247852 1 0.2456594578 0.7543405422 0.7684675981 0.6007913369 0.9420806416 464 196
keyboard yes 3 12 60 NA 26 37 NA toetsenbord/klavier 72 63 0.594347082257461 0.690923309313818 0.2564213878 0.9985855565 1 0.9979663634 1 0.845989878521534 1 0.246031746 0.753968254 0.5955006859 0.7222222222 0.5152431343 135 63
keyboard yes 4 5 19 NA 20 9 NA toetsenbord/klavier 24 29 0.691544330408523 0.688690573968 0.4419788917 0.9996563967 1 0.9992187998 1 0.895748332941604 1 0.4813218391 0.5186781609 0.5016019936 0.6701388889 0.5719381688 53 24
keyboard yes 5 46 44 NA 131 25 NA toetsenbord/klavier 90 156 0.593413440473913 0.656711993409389 0.3429638317 0.9999999552 1 0.9999999365 1 0.999685987886103 1 0.3286324786 0.6713675214 0.5963712076 0.5002469136 0.7308514135 246 90
lack_of_space no 1 146 1 NA 38 60 NA plaat_gebrek/ruimte_gebrek 147 98 0.561211332525848 0.673011667009257 0.6762817481 1 1 1 1 1 1 0.6054421769 0.3945578231 0.6260224906 0.9864871119 0.5251978342 245 98
lack_of_space no 2 166 7 NA 1 33 NA plaat_gebrek/ruimte_gebrek 173 34 0.490882344771864 0.446652591888242 0.8562908667 1 1 1 1 1 1 0.9301258076 0.0698741924 0.6882074261 0.9223495606 0.9429065744 207 34
lack_of_space no 3 31 1 NA 0 11 NA plaat_gebrek/ruimte_gebrek 32 11 0.592072600891341 0.568632746149997 0.8352287593 0.9999999992 1 0.9999999977 1 0.999781770854987 1 0.96875 0.03125 0.5976203353 0.939453125 1 43 11
lack_of_space no 4 23 5 NA 0 18 NA plaat_gebrek/ruimte_gebrek 28 18 0.693147180559945 0.669327963292645 0.7242243488 0.9999999937 1 0.9999999632 1 0.99842120400754 1 0.8214285714 0.1785714286 0.5 0.7066326531 1 46 18
lack_of_space no 5 287 8 NA 24 140 NA plaat_gebrek/ruimte_gebrek 295 164 0.628695063644792 0.651847978506263 0.8425312282 1 1 1 1 1 1 0.8265398925 0.1734601075 0.5630550453 0.9472335536 0.750148721 459 164
living_room no 1 56 50 NA 186 8 NA huiskamer/living 106 194 0.4910203935175 0.649485718542319 0.5122047499 1 1 1 1 0.999999999997605 1 0.4304609998 0.5695390002 0.6880888889 0.5016019936 0.9209267722 300 106
living_room no 2 26 56 NA 79 2 NA huiskamer/living 82 81 0.650980069651963 0.693128361517583 0.6746054172 1 1 1 1 0.999999999985624 1 0.6582354713 0.3417645287 0.5415710038 0.5669244497 0.9518366103 163 81
living_room no 3 0 14 NA 0 32 NA huiskamer/living 14 32 0 0.614503320310728 0 0.3062349523 0 0 0 0.05 0 0 1 1 1 1 46 14
living_room no 4 32 1 NA 52 0 NA huiskamer/living 33 52 0.063961714103983 0.667952163612339 0.0343282565 0.7036370167 0 0.8465116279 0 0.0615519428671656 0 0.0303030303 0.9696969697 0.9767474048 0.9412304867 1 85 33
living_room no 5 126 26 NA 249 5 NA huiskamer/living 152 254 0.269774679114187 0.661247881297934 0.2662692204 0.9999999711 1 0.9999999535 1 0.999669436635414 1 0.1513675922 0.8486324078 0.8589507146 0.7164127424 0.9614049228 406 152
nail yes 1 32 43 NA 132 4 NA spijker/nagel 75 136 0.530365093459283 0.650755417953193 0.6138008688 1 1 1 1 0.99999999999825 1 0.5439215686 0.4560784314 0.653736439 0.5107555556 0.9429065744 211 75
nail yes 2 1 12 NA 3 22 NA spijker/nagel 13 25 0.336495757583516 0.642422021076254 0 0.3256052493 0 0 0 0.05 0 0.0430769231 0.9569230769 0.811634349 0.8579881657 0.7888 38 13
nail yes 3 18 26 NA 16 28 NA spijker/nagel 44 44 0.667093674121157 0.693147180559945 0.0233380014 0.3385822844 0 0.1730913775 0 0.055508576094724 0 0.0454545455000001 0.9545454545 0.5258264463 0.5165289256 0.5371900826 88 44
nail yes 4 42 37 NA 95 14 NA spijker/nagel 79 109 0.58452444098211 0.680360582468931 0.3652366984 0.9999997962 1 0.9999996604 1 0.99884780272927 1 0.3399140634 0.6600859366 0.6046287913 0.5020028842 0.7761131218 188 79
nail yes 5 26 170 NA 39 240 NA spijker/nagel 196 279 0.399189313467186 0.67780204542971 0.0039947637 0.176426614 0 0.1075304711 0 0.0508687642708379 0 0.00713188499999995 0.992868115 0.763767313 0.7698875469 0.7595097699 475 196
nuclear_reactor no 1 3 1 NA 59 33 NA kern_reactor/reactor 4 92 0.649987881991324 0.173205206749177 0 0.3522994205 0 0 0 0.05 0 0.1086956522 0.8913043478 0.5425347222 0.625 0.5399338374 96 4
nuclear_reactor no 2 4 4 NA 4 28 NA kern_reactor/reactor 8 32 0.500402423538188 0.500402423538188 0.296875 0.9720078151 1 0.9634729016 1 0.467241705879766 0 0.375 0.625 0.68 0.5 0.78125 40 8
nuclear_reactor no 3 66 115 NA 119 276 NA kern_reactor/reactor 181 395 0.627756126678933 0.62244821660725 0.0590012148 0.8673199003 0 0.8506944221 0 0.293610908937237 0 0.0633750612 0.9366249388 0.5639527874 0.5366441806 0.5789905464 576 181
nuclear_reactor no 4 11 10 NA 15 14 NA kern_reactor/reactor 21 29 0.692346967089961 0.680292000192154 0 0.0365970124 0 0 0 0.05 0 0.00656814449999998 0.9934318555 0.5008 0.5011337868 0.5005945303 50 21
nuclear_reactor no 5 22 44 NA 62 110 NA kern_reactor/reactor 66 172 0.649248354870898 0.590395619109886 0.0155964447 0.3058138234 0 0.2371875441 0 0.0566580790879809 0 0.027131783 0.972868217 0.5432525952 0.5555555556 0.5389399676 238 66
opening_hours no 1 45 135 NA 72 3 NA opening_tijd/opening_uur 180 75 0.689752333695557 0.605797499372304 0.6405853344 1 1 1 1 1 1 0.71 0.29 0.5033910035 0.625 0.9232 255 75
opening_hours no 2 32 159 NA 101 1 NA opening_tijd/opening_uur 191 102 0.688895324065171 0.646276869386003 0.7799407124 1 1 1 1 1 1 0.8226568114 0.1773431886 0.504245827 0.721060278 0.9805843906 293 102
opening_hours no 3 5 16 NA 45 0 NA opening_tijd/opening_uur 21 45 0.553858229492429 0.625491359725573 0.7622517091 1 1 0.9999999999 1 0.999988449648972 1 0.7619047619 0.2380952381 0.6326905418 0.6371882086 1 66 21
opening_hours no 4 8 55 NA 57 0 NA opening_tijd/opening_uur 63 57 0.689670928357027 0.69189665920508 0.8439544523 1 1 1 1 0.999999999999839 1 0.873015873 0.126984127 0.5034722222 0.778281683 1 120 57
opening_hours no 5 4 246 NA 7 9 NA opening_tijd/opening_uur 250 16 0.172221677141922 0.227381086896744 0.4636337335 0.9999999144 1 0.9999998069 1 0.999999989385385 1 0.4215 0.5785 0.9207134377 0.968512 0.5078125 266 16
palm_tree no 1 30 0 NA 58 0 NA palm/palmboom 30 58 0 0.641636631960513 0 0.2517475512 0 0 0 0.05 0 0 1 1 1 1 88 30
palm_tree no 2 10 16 NA 16 10 NA palm/palmboom 26 26 0.693147180559945 0.693147180559945 0.1923076923 0.9054028075 0 0.8350200449 0 0.283658951380491 0 0.2307692308 0.7692307692 0.5 0.5266272189 0.5266272189 52 26
palm_tree no 3 55 0 NA 3 1 NA palm/palmboom 55 4 0.0859155013346631 0.247901806070712 0.2805757657 0.9838083401 1 0.9920676891 1 0.57739308364274 0 0.25 0.75 0.9666762425 1 0.625 59 4
palm_tree no 4 3 14 NA 10 13 NA palm/palmboom 17 23 0.630581028386015 0.681854608730783 0.218646778 0.9221946237 0 0.897038376 0 0.282343758824119 0 0.2583120205 0.7416879795 0.56125 0.7093425606 0.5085066163 40 17
palm_tree no 5 97 215 NA 214 235 NA palm/palmboom 312 449 0.676371849410035 0.676853763652973 0.1630814587 0.9999958809 1 0.9999953006 1 0.994438940736769 1 0.1657172634 0.8342827366 0.5166813153 0.5715195595 0.5010937446 761 312
peace_talks no 1 6 2 2 21 11 8 vrede_overleg/vredesbespreking/vredesonderhandeling 10 40 1.004867246247 0.500402423538188 0.0716114874 0.124386313 0 0 0 0.0697901969092183 0 0.075 0.925 0.3992 0.44 0.39125 50 10
peace_talks no 2 15 6 18 71 47 47 vrede_overleg/vredesbespreking/vredesonderhandeling 39 165 1.07873513384774 0.487924369370432 0.1616487056 0.9303454474 0 0.9235388374 0 0.531180886818245 0 0.1766899768 0.8233100232 0.3467416378 0.3846153846 0.3474380165 204 39
peace_talks no 3 23 18 18 52 77 59 vrede_overleg/vredesbespreking/vredesonderhandeling 59 188 1.09277728116236 0.549769720423654 0.1135032136 0.7924411852 0 0.7802871781 0 0.33890376287326 0 0.1132347637 0.8867652363 0.3373108886 0.3381212295 0.3427455862 247 59
peace_talks no 4 1 3 3 10 9 4 vrede_overleg/vredesbespreking/vredesonderhandeling 7 23 1.07396075360798 0.543272781336901 0.3031788241 0.7579976642 0 0.6490421456 0 0.298272173777925 0 0.2919254658 0.7080745342 0.3488888889 0.387755102 0.3724007561 30 7
peace_talks no 5 29 21 48 133 125 113 vrede_overleg/vredesbespreking/vredesonderhandeling 98 371 1.09750409927877 0.512569126362965 0.1624117624 0.9976334402 1 0.9976054814 1 0.893000693108658 1 0.1852137082 0.8147862918 0.3340637658 0.3733860891 0.3348057628 469 98
pitch yes 1 75 0 NA 81 0 NA voetbalveld/grasmat 75 81 0 0.692407353123314 0 0.0303994339 0 0 0 0.05 0 0 1 1 1 1 156 75
pitch yes 2 228 25 NA 112 12 NA voetbalveld/grasmat 253 124 0.320983986505553 0.633405784840352 0 0.0499296651 0 0 0 0.05 0 0.0020400357 0.9979599643 0.8229777174 0.8219000453 0.825182102 377 124
pitch yes 3 46 105 NA 62 93 NA voetbalveld/grasmat 151 155 0.649248354870898 0.693061740901607 0.0929299479 0.9194885914 0 0.9058613727 0 0.369224460971375 0 0.0953642384 0.9046357616 0.5432525952 0.5763343713 0.52 306 151
pitch yes 4 29 25 NA 21 24 NA voetbalveld/grasmat 54 45 0.693096164489863 0.689009238476659 0.0497955002 0.5145588643 0 0.4525348459 0 0.0785639527990316 0 0.0703703703 0.9296296297 0.5000510152 0.5027434842 0.5022222222 99 45
pitch yes 5 7 9 NA 5 41 NA voetbalveld/grasmat 16 46 0.491327448450522 0.571022710942916 0.3175176875 0.9933562015 1 0.9916840308 1 0.70546515711978 0 0.3288043478 0.6711956522 0.6878251821 0.5078125 0.8062381853 62 16
pity no 1 17 1 1 15 0 3 medelijden/compassie/mededogen 19 18 0.463655038750419 0.692781905987648 0.1868880213 0.5138219573 0 0.5792954573 0 0.159143322935823 0 0.1140350878 0.8859649122 0.7604090577 0.8060941828 0.7222222222 37 18
pity no 2 54 11 48 100 56 101 medelijden/compassie/mededogen 113 257 1.04054866548485 0.615374958793497 0.1468802863 0.9872107386 1 0.9851040746 1 0.716545174985046 0 0.1205537 0.8794463 0.3681957633 0.4182786436 0.3533285894 370 113
pity no 3 30 1 21 37 17 38 medelijden/compassie/mededogen 52 92 0.981509088938757 0.654054810306932 0.2564662666 0.9970790392 1 0.9946646322 1 0.792777995498263 0 0.174749164 0.825250836 0.3999807099 0.4963017751 0.3664933837 144 52
pity no 4 86 7 0 91 17 2 medelijden/compassie/mededogen 93 110 0.417451846258347 0.689636554901794 0.1410567591 0.8838426062 0 0.9014640791 0 0.41900107508335 0 0.0974584555 0.9025415445 0.7743211434 0.8607931553 0.7085950413 203 93
pity no 5 71 7 12 109 16 31 medelijden/compassie/mededogen 90 156 0.755005498934674 0.656711993409389 0.0988781721 0.7087022811 0 0.6627027738 0 0.264382400164995 0 0.0901709402 0.9098290598 0.5746909908 0.6461728395 0.5382149901 246 90
reflection yes 1 31 17 NA 78 11 NA afspiegeling/weerspiegeling 48 89 0.506414170734093 0.647672273056306 0.2538192653 0.9982373748 1 0.9967363559 1 0.843971696133737 1 0.2305711611 0.7694288389 0.6747828867 0.5425347222 0.7833606868 137 48
reflection yes 2 37 58 NA 72 55 NA afspiegeling/weerspiegeling 95 127 0.692984847289076 0.682722135555647 0.1665251771 0.9913370619 1 0.9898817177 1 0.698892583580121 0 0.1774554497 0.8225445503 0.5001623245 0.524432133 0.5089590179 222 95
reflection yes 3 1 46 NA 3 23 NA afspiegeling/weerspiegeling 47 26 0.21239743756359 0.65117934157399 0.1351697507 0.9018006867 0 0.8739928153 0 0.211308917959115 0 0.0941080197 0.9058919803 0.8964158379 0.9583521956 0.7958579882 73 26
reflection yes 4 5 1 NA 33 2 NA afspiegeling/weerspiegeling 6 35 0.261764482909015 0.416310140667776 0.0161576403 0.6057118188 0 0.6139774859 0 0.0512270446110876 0 0.1095238096 0.8904761904 0.8643664485 0.7222222222 0.892244898 41 6
reflection yes 5 85 69 NA 300 73 NA afspiegeling/weerspiegeling 154 373 0.582710746112186 0.604127585924964 0.2539576875 0.999999993 1 0.9999999884 1 0.999945584719114 1 0.2523414923 0.7476585077 0.6063068675 0.5053972002 0.6851842535 527 154
religion yes 1 6 3 2 18 4 5 geloof/godsdienst/religie 11 27 0.91348000143362 0.601679754913255 0.1487481836 0.329373791 0 0.3065349505 0 0.118659035966646 0 0.1245791246 0.8754208754 0.4667590028 0.4049586777 0.5006858711 38 11
religion yes 2 56 34 24 113 55 45 geloof/godsdienst/religie 114 213 1.02361500714994 0.646590585536152 0.044897191 0.2792465194 0 0.2657666362 0 0.102979495265258 0 0.0400296516 0.9599703484 0.3857045329 0.3745767929 0.392757169 327 114
religion yes 3 20 0 0 8 0 0 geloof/godsdienst/religie 20 8 0 0.598269588585257 0.1102519341 0.1602006392 0 0 0 0.0765092220459289 0 0 1 1 1 1 28 8
religion yes 4 10 0 0 4 0 0 geloof/godsdienst/religie 10 4 0 0.598269588585257 0.1377400886 0.141237211 0 0 0 0.0705212735113856 0 0 1 1 1 1 14 4
religion yes 5 104 46 68 185 56 134 geloof/godsdienst/religie 218 375 1.01990837084506 0.657678069441359 0.0816978143 0.8570439015 0 0.8606729406 0 0.411576690062298 0 0.061675841 0.938324159 0.3831348873 0.369413349 0.3933653333 593 218
repayment yes 1 64 0 NA 8 0 NA aflossing/afbetaling 64 8 0 0.348832095843032 0 0.6487156472 0 0 0 0.05 0 0 1 1 1 1 72 8
repayment yes 2 3 0 NA 173 1 NA aflossing/afbetaling 3 174 0.0348775115189437 0.0859155013346631 0 0.8044491335 0 0 0 0.05 0 0.00574712639999997 0.9942528736 0.9887644036 1 0.9885718061 177 3
repayment yes 3 28 60 NA 170 31 NA aflossing/afbetaling 88 201 0.622948877833708 0.614627635538189 0.5146413718 1 1 1 1 0.999999999994352 1 0.5275893261 0.4724106739 0.5685396487 0.5661157025 0.7391153684 289 88
repayment yes 4 76 1 NA 12 0 NA aflossing/afbetaling 77 12 0.0616067104727896 0.39546898456147 0 0.3138227655 0 0 0 0.05 0 0.012987013 0.987012987 0.9777805833 0.974363299 1 89 12
repayment yes 5 78 120 NA 124 51 NA aflossing/afbetaling 198 175 0.689689564316743 0.691244860624692 0.3097327163 0.9999999992 1 0.9999999988 1 0.999971143094496 1 0.3146320347 0.6853679653 0.5034536294 0.5224977043 0.5870040816 373 175
retaliation no 1 17 4 3 39 5 2 wraak_actie/vergelding_actie/represaille 24 46 0.630753735772718 0.642912439665801 0.1798108014 0.660402647 0 0.6304490835 0 0.250749073870642 0 0.1394927536 0.8605072464 0.6616326531 0.5451388889 0.7325141777 70 24
retaliation no 2 44 38 29 113 107 58 wraak_actie/vergelding_actie/represaille 111 278 1.06900096209244 0.597932757624446 0.0597262822 0.4945230033 0 0.5016341076 0 0.167918208190568 0 0.0526281678 0.9473718322 0.3518546666 0.3425858291 0.3568914652 389 111
retaliation no 3 4 0 26 12 0 52 wraak_actie/vergelding_actie/represaille 30 64 0.456223420167614 0.626226284558476 0.0689202763 0.2061824827 0 0.2309002982 0 0.0851614812106843 0 0.0541666667 0.9458333333 0.7175192395 0.7688888889 0.6953125 94 30
retaliation no 4 74 17 40 111 35 57 wraak_actie/vergelding_actie/represaille 131 203 0.97587911896307 0.669728828052049 0.0584806122 0.4409639534 0 0.4238683769 0 0.145481369671888 0 0.0426428007 0.9573571993 0.4153788232 0.4291707942 0.4075566017 334 131
retaliation no 5 5 0 47 10 5 46 wraak_actie/vergelding_actie/represaille 52 61 0.566328567013611 0.68997207463441 0.2091044323 0.9443229596 0 0.9669178915 1 0.49865319520434 0 0.1497477931 0.8502522069 0.6969222335 0.826183432 0.6022574577 113 52
safety_belt yes 1 53 0 0 15 0 0 riem/gordel/veiligheid_gordel 53 15 0 0.527651463487936 0.1078707828 0.2947707983 0 0 0 0.114344188961267 0 0 1 1 1 1 68 15
safety_belt yes 2 60 35 0 20 27 0 riem/gordel/veiligheid_gordel 95 47 0.685091405159668 0.63487464927433 0.194400971 0.9351573218 0 0.9787650637 1 0.534109800942748 0 0.2060470325 0.7939529675 0.5080341202 0.5346260388 0.5110909914 142 47
safety_belt yes 3 3 80 61 1 19 8 riem/gordel/veiligheid_gordel 144 28 0.77182359643546 0.444268654581768 0.1064955741 0.6321071145 0 0.6945024039 0 0.220844802616073 0 0.1378968254 0.8621031746 0.4927663602 0.4885223765 0.5433673469 172 28
safety_belt yes 4 70 39 1 92 9 1 riem/gordel/veiligheid_gordel 110 102 0.585857269047744 0.692435014331628 0.3182079499 0.9999894017 1 0.9999966549 1 0.990197445293493 1 0.2663101604 0.7336898396 0.6352794589 0.5307438017 0.8214148404 212 102
safety_belt yes 5 80 180 36 28 69 13 riem/gordel/veiligheid_gordel 296 110 0.907301094684125 0.584187546998069 0.0179240791 0.0633711618 0 0.0411419541 0 0.0599239833379617 0 0.0191646192 0.9808353808 0.4614647286 0.457633309 0.472231405 406 110
scriptwriter no 1 4 7 NA 23 13 NA scenario_schrijver/scenarist 11 36 0.68201481759949 0.544115053088739 0.1848934992 0.892923485 0 0.8354890655 0 0.244968025500048 0 0.2752525253 0.7247474747 0.5110909914 0.5371900826 0.5385802469 47 11
scriptwriter no 2 5 52 NA 90 59 NA scenario_schrijver/scenarist 57 149 0.690127833606472 0.589808586981606 0.4524731457 1 1 1 1 0.999997109537747 1 0.5163075474 0.4836924526 0.5030163069 0.8399507541 0.5216431692 206 57
scriptwriter no 3 1 28 NA 2 0 NA scenario_schrijver/scenarist 29 2 0.317936780262242 0.239217093816513 0.5284981976 0.9982181534 1 0.9879032258 1 0.837095702635802 1 0.9655172414 0.0344827586 0.825182102 0.933412604 1 31 2
scriptwriter no 4 41 173 NA 200 109 NA scenario_schrijver/scenarist 214 309 0.690071225105466 0.676557904263624 0.445562622 1 1 1 1 1 1 0.4556604059 0.5443395941 0.5030728003 0.690234955 0.5433646485 523 214
scriptwriter no 5 20 54 NA 73 46 NA scenario_schrijver/scenarist 74 119 0.69248930050042 0.665713439799287 0.3232728914 0.9999974778 1 0.9999962323 1 0.994314510780546 1 0.3431751079 0.6568248921 0.5006577358 0.6055514974 0.5257397076 193 74
sex yes 1 45 4 NA 55 4 NA geslacht/sekse 49 59 0.264052051825629 0.688854340107015 0 0.2149930284 0 0 0 0.05 0 0.0138360429 0.9861639571 0.8628257888 0.850062474 0.8735995404 108 49
sex yes 2 11 0 NA 17 0 NA geslacht/sekse 11 17 0 0.670008979827427 0 0.1628753551 0 0 0 0.05 0 0 1 1 1 1 28 11
sex yes 3 32 7 NA 26 11 NA geslacht/sekse 39 37 0.547412468525498 0.69280088019564 0.1075450724 0.7739456758 0 0.7151010257 0 0.155174597636367 0 0.1178101178 0.8821898822 0.6385041551 0.7054569362 0.5821767714 76 37
sex yes 4 186 24 NA 175 47 NA geslacht/sekse 210 222 0.446816296049427 0.692761328460975 0.1251461822 0.9941263774 1 0.9935023569 1 0.739290112977295 0 0.0974259974 0.9025740026 0.7253193587 0.7975510204 0.6662202743 432 210
sex yes 5 134 44 NA 95 83 NA geslacht/sekse 178 178 0.651520340980789 0.693147180559945 0.2228250409 0.9999858329 1 0.9999763386 1 0.987593141470337 1 0.2191011236 0.7808988764 0.5410459538 0.6278247696 0.5022724403 356 178
stress yes 1 93 67 21 96 26 3 nadruk/accent/klemtoon 181 125 0.859221603135793 0.676306736521328 0.2688342685 0.9999926406 1 0.9999887026 1 0.991848699743562 1 0.2541878453 0.7458121547 0.4800076894 0.4144867373 0.633664 306 125
stress yes 2 0 6 4 5 16 0 nadruk/accent/klemtoon 10 21 0.801880721242146 0.62879939409378 0.5176057418 0.9910359682 1 0.9971331952 1 0.734717941694032 0 0.4 0.6 0.5463059313 0.52 0.6371882086 31 10
stress yes 3 6 116 3 15 132 2 nadruk/accent/klemtoon 125 149 0.360162815135231 0.689306147451351 0.1048166089 0.7892645255 0 0.8035194152 0 0.322509956678977 0 0.0526711409 0.9473288591 0.8254302307 0.864064 0.7951443629 274 125
stress yes 4 56 25 23 98 37 0 nadruk/accent/klemtoon 104 135 0.858516273224962 0.684711465739499 0.3651470005 0.9999999951 1 0.9999999983 1 0.999565358381967 1 0.2211538461 0.7788461539 0.4917455927 0.3966346154 0.602085048 239 104
stress yes 5 45 1 13 84 3 4 nadruk/accent/klemtoon 59 91 0.473131264388983 0.670215798873117 0.2737431304 0.996229488 1 0.9976604913 1 0.860521223605022 1 0.1763829391 0.8236170609 0.7531555556 0.6305659293 0.855089965 150 59
stronghold yes 1 78 11 NA 154 11 NA bolwerk/bastion 89 165 0.294633463079691 0.647690014657291 0.0818943475 0.8680906975 0 0.8400073496 0 0.256850824690042 0 0.0569288389 0.9430711611 0.8417756836 0.7833606868 0.8755555556 254 89
stronghold yes 2 4 9 NA 5 13 NA bolwerk/bastion 13 18 0.602440263520342 0.680082904835761 0 0.1434772155 0 0 0 0.05 0 0.0299145299 0.9700854701 0.5879292404 0.573964497 0.5987654321 31 13
stronghold yes 3 5 8 NA 32 2 NA bolwerk/bastion 13 34 0.517598374097787 0.589709314817517 0.5501967474 0.9999404899 1 0.9998558143 1 0.965006510990088 1 0.556561086 0.443438914 0.6650067904 0.5266272189 0.8892733564 47 13
stronghold yes 4 51 35 NA 198 49 NA bolwerk/bastion 86 247 0.564795996519331 0.571227214830558 0.2023164053 0.9998010816 1 0.9997351416 1 0.958360018525471 1 0.2085961774 0.7914038226 0.622757893 0.5173066522 0.681948565 333 86
stronghold yes 5 35 39 NA 178 83 NA bolwerk/bastion 74 261 0.655784863903977 0.52803905956139 0.1727225418 0.9988501438 1 0.9984725794 1 0.885197770978404 1 0.2090193642 0.7909806358 0.5368946313 0.5014609204 0.5662424216 335 74
submarine no 1 20 21 0 52 7 20 onderzeeër/duikboot/onderzeeboot 41 79 0.944688973405867 0.642134783783952 0.5024992234 0.9999999589 1 0.9999999753 1 0.999291724463498 1 0.4235875271 0.5764124729 0.4422222222 0.500297442 0.5052074988 120 41
submarine no 2 28 18 3 68 17 33 onderzeeër/duikboot/onderzeeboot 49 118 0.976548960216385 0.60517955915706 0.3085673343 0.9998052612 1 0.999752758 1 0.95555784036473 1 0.2232791422 0.7767208578 0.4208469289 0.4652228238 0.4310542947 167 49
submarine no 3 32 27 0 63 16 51 onderzeeër/duikboot/onderzeeboot 59 130 1.036069676722 0.620825386754546 0.4694310721 1 1 1 1 0.999981727852283 1 0.3923076923 0.6076923077 0.3772290809 0.5035909221 0.4039053254 189 59
submarine no 4 36 44 4 118 36 55 onderzeeër/duikboot/onderzeeboot 84 209 1.01523219694865 0.599160766820877 0.3833383256 0.9999999998 1 0.9999999997 1 0.999988582323932 1 0.35156072 0.64843928 0.3913499284 0.4603174603 0.417687324 293 84
submarine no 5 24 46 1 94 17 49 onderzeeër/duikboot/onderzeeboot 71 160 1.02874055155633 0.616971469364453 0.58214936 1 1 1 1 0.999999999960216 1 0.541637324 0.458362676 0.3821704991 0.5342194009 0.450234375 231 71
suspicion no 1 38 0 0 109 0 0 wantrouwen/argwaan/achterdocht 38 109 0 0.571485694040101 0.0624644336 0.2270740754 0 0 0 0.095734165670795 0 0 1 1 1 1 147 38
suspicion no 2 2 22 4 7 28 12 wantrouwen/argwaan/achterdocht 28 47 0.854320233226047 0.660705932665931 0.1955689489 0.7750184391 0 0.708677926 0 0.308930174339143 0 0.1899696048 0.8100303952 0.5043555556 0.6428571429 0.4422815754 75 28
suspicion no 3 4 25 2 3 43 1 wantrouwen/argwaan/achterdocht 31 47 0.461276366928479 0.671958305927896 0.1619151828 0.6320562733 0 0.6793400661 0 0.229831275387826 0 0.1084420042 0.8915579958 0.7695595003 0.6711758585 0.8415572657 78 31
suspicion no 4 31 5 6 77 4 3 wantrouwen/argwaan/achterdocht 42 84 0.509137344082687 0.636514168294813 0.244651788 0.9711588414 1 0.9760217592 1 0.6902346486717 0 0.1785714286 0.8214285714 0.7448979592 0.5793650794 0.8438208617 126 42
suspicion no 5 150 40 19 244 76 45 wantrouwen/argwaan/achterdocht 209 365 0.826031421116181 0.655747179040377 0.0576059879 0.6213143201 0 0.5980321648 0 0.21647420028542 0 0.0492101986 0.9507898014 0.5244327356 0.5599917584 0.5054381685 574 209
tour_operator no 1 24 78 2 49 31 35 reis_bureau/touroperator/reis_organisatie 104 115 1.01389172463547 0.691885208024371 0.5139762521 1 1 1 1 0.999999931569514 1 0.4804347826 0.5195652174 0.387377244 0.6161242604 0.3468431002 219 104
tour_operator no 2 6 3 0 11 4 6 reis_bureau/touroperator/reis_organisatie 9 21 0.983312224738449 0.610864302054894 0.2829785249 0.7949464559 0 0.8104884282 0 0.264112176682606 0 0.2857142857 0.7142857143 0.4155555556 0.5555555556 0.3922902494 30 9
tour_operator no 3 6 37 2 17 24 45 reis_bureau/touroperator/reis_organisatie 45 86 1.02911633113004 0.643337174212861 0.5406417904 0.9999999997 1 0.9999999996 1 0.999944614333375 1 0.5431524549 0.4568475451 0.376376668 0.6958024691 0.3907517577 131 45
tour_operator no 4 64 108 11 110 50 60 reis_bureau/touroperator/reis_organisatie 183 220 1.03562165238956 0.68892657145661 0.3997980656 1 1 1 1 0.999999993482411 1 0.3628912071 0.6371087929 0.371167854 0.474215414 0.3760330579 403 183
tour_operator no 5 23 68 5 52 37 32 reis_bureau/touroperator/reis_organisatie 96 121 1.02007519662986 0.686496052166644 0.416748782 0.9999999978 1 0.9999999971 1 0.999932581039786 1 0.4025482094 0.5974517906 0.3826583703 0.5618489583 0.3481319582 217 96
town_center no 1 90 125 39 0 4 0 dorp_kom/dorp_kern/dorp_centrum 254 4 0.999558132629231 0.0799825257464707 0.0952680549 0.734230572 0 0.7867786734 0 0.258277408380634 0 0.5078740157 0.4921259843 0.3945375879 0.3913137826 1 258 4
town_center no 2 0 0 44 0 0 3 dorp_kom/dorp_kern/dorp_centrum 44 3 0 0.237377798339679 0.2924396699 0.700873159 0 0 0 0.417209443734077 0 0 1 1 1 1 47 3
town_center no 3 8 69 15 0 1 0 dorp_kom/dorp_kern/dorp_centrum 92 1 0.719148393223934 0.05943229865313 0.0640494524 0.1490788256 0 0 0 0.0798443395287075 0 0.25 0.75 0.5999537519 0.5966446125 1 93 1
town_center no 4 39 111 43 2 30 5 dorp_kom/dorp_kern/dorp_centrum 193 37 0.934386927176338 0.441109007938503 0.1838287187 0.9882463438 1 0.9789949349 1 0.704232212669133 0 0.2356812771 0.7643187229 0.4511531191 0.421246208 0.6785975164 230 37
town_center no 5 77 170 111 0 13 1 dorp_kom/dorp_kern/dorp_centrum 358 14 1.03641843212862 0.160351887213834 0.1584233872 0.9950372048 1 0.9949958032 1 0.786632165044815 0 0.4537110934 0.5462889066 0.3754913863 0.3678880185 0.8673469388 372 14
voyage_of_discovery no 1 11 26 NA 26 21 NA ontdekkingsreis/ontdekking_tocht 37 47 0.686044179221777 0.686044179221777 0.2317423807 0.9820323485 1 0.9732051405 1 0.565152640390066 0 0.2558941921 0.7441058079 0.5070861678 0.5821767714 0.5056586691 84 37
voyage_of_discovery no 2 4 27 NA 17 13 NA ontdekkingsreis/ontdekking_tocht 31 30 0.643822235374142 0.693012802060128 0.4259747564 0.9997798461 1 0.9995824074 1 0.914188227298889 1 0.4376344086 0.5623655914 0.5485084655 0.7752341311 0.5088888889 61 30
voyage_of_discovery no 3 11 0 NA 29 0 NA ontdekkingsreis/ontdekking_tocht 11 29 0 0.588168777354191 0 0.3520141821 0 0 0 0.05 0 0 1 1 1 1 40 11
voyage_of_discovery no 4 10 64 NA 15 32 NA ontdekkingsreis/ontdekking_tocht 74 47 0.509432512517259 0.668040511072102 0.2005778772 0.9840147877 1 0.9791683601 1 0.597326335762752 0 0.1840138011 0.8159861989 0.6721535414 0.7662527392 0.5654142146 121 47
voyage_of_discovery no 5 148 259 NA 217 70 NA ontdekkingsreis/ontdekking_tocht 407 287 0.691801162150296 0.678122735149243 0.3841410163 1 1 1 1 1 1 0.3924611974 0.6075388026 0.5013454144 0.5371900826 0.6311719215 694 287
wedding yes 1 11 124 5 6 47 0 huwelijk_feest/bruiloft/trouw_feest 140 53 0.415870061583222 0.587791688471906 0.0946233813 0.6342464049 0 0.6954890802 0 0.19972552024015 0 0.0357142857 0.9642857143 0.7934441193 0.7919387755 0.7992168031 193 53
wedding yes 2 39 27 40 17 123 2 huwelijk_feest/bruiloft/trouw_feest 106 142 0.94085974308632 0.682573963280877 0.6393486437 1 1 1 1 0.999999999999994 1 0.611480202 0.388519798 0.4454994797 0.3426486294 0.7648284071 248 106
wedding yes 3 0 0 0 0 31 0 huwelijk_feest/bruiloft/trouw_feest 0 31 0 0 0.5549890274 NA 1 NA 1 0.796205316728942 0 NA 0 1 NA 1 31 0
wedding yes 4 1 3 5 1 24 0 huwelijk_feest/bruiloft/trouw_feest 9 25 0.631622897986536 0.577921794682897 0.6573358702 0.9995562127 1 0.9999423862 1 0.939457990723177 1 0.6266666667 0.3733333333 0.6557093426 0.4320987654 0.9232 34 9
wedding yes 5 63 74 88 37 227 5 huwelijk_feest/bruiloft/trouw_feest 225 269 0.939602397448098 0.689175291258997 0.5618145657 1 1 1 1 1 1 0.5149772821 0.4850227179 0.4476798505 0.3395358025 0.7313746355 494 225
